# Depth is X axis
# Width is Y axis
# Height is Z axis

# Wheel dimensions and mass
wheel_common:
  mass: 0.0508
  radius: 0.0508
  thickness: 0.009525
  ixx: 0.0514
  iyy: 0.0514
  izz: 0.1016

wheel_left:
  pos_x: 0
  pos_y: 0
  pos_z: -0.0492125
  rot_r: 0
  rot_p: 0
  rot_y: 0

wheel_right:
  pos_x: 0
  pos_y: 0
  pos_z: 0.0492125
  rot_r: 0
  rot_p: 0
  rot_y: 0

# Motor Dimensions and mass
motor_common:
  mass: 0.1016
  radius: 0.0180
  thickness: 0.0889
  ixx: 0.1165
  iyy: 0.1165
  izz: 0.0319

motor_left: # wrt to parent
  pos_x: 0
  pos_y: 0.09525
  pos_z: -0.02921
  rot_r: 1.5708
  rot_p: 0
  rot_y: 0

motor_right: # wrt to parent
  pos_x: 0
  pos_y: -0.09525
  pos_z: -0.02921
  rot_r: 1.5708
  rot_p: 0
  rot_y: 0

base_link:
  mass: 0.0508
  x: 0.0254
  y: 0.2794
  z: 0.0254
  ixx: 0.5165
  iyy: 0.0085
  izz: 0.5165
